"s001" "s002" "s003" "s005" "s006" "s007" "s008" "s009" "s011" "s012" "s014" "s015" "s017" "s018" "s019" "s020" "s021" "s022" "s023" "s024" "s025" "s027" "s028" "s029" "s030" "s032" "s033" "s034" "s036" "s037" "s040" "s041" "s042" "s044" "s046" "s047" "s049" "s050" "s053" "s054" "s055" "s056" "s072" "s077" "s083" "s085" "s086" "s087" "s088" "s089" "s091" "s093" "s094" "s097" "s098" "s099" "s100" "s103" "s104" "s105" "s106" "s107" "s108" "s109" "s110" "s111" "s112" "s115" "s116" "s119" "s120" "s122" "s123" "s125" "s126" "s128" "s129" "s130" "s132" "s133" "s134" "s135" "s137" "s138" "s140" "s151" "s162" "s166" "s168" "s169" "s170" "s171" "s172" "s173" "s174" "s175" "s176" "s177" "s178" "s179" "s182" "s183" "s184" "s185" "s187" "s188" "s189" "s190" "s192" "s193" "s196" "s197" "s198" "s199" "s201" "s202" "s204" "s205" "s207" "s208" "s209" "s210" "s211" "s214" "s215" "s216" "s218" "s219" "s220" "s221" "s225" "s227" "s228" "s229" "s230" "s231" "s232" "s233" "s234" "s236" "s240" "s241"
"Arginine2_Hcarbonate" 1412 500 1739 925 2418 639 167 1266 343 990 1359 655 353 984 1304 363 196 1146 675 705 558 679 547 498 375 1186 1137 202 263 1989 706 673 609 707 1111 1331 482 529 1888 1227 1223 1492 2224 1576 1018 594 709 463 1845 645 1208 841 878 374 1070 1084 681 458 492 597 641 1186 230 1569 545 885 1339 766 513 1320 792 3189 1286 877 772 443 926 454 651 398 1452 1091 1048 853 600 540 909 976 1148 197 1118 772 929 780 8141 3549 980 680 798 318 697 591 1124 811 1012 1014 1647 1046 710 1310 1305 503 915 331 5777 660 1182 943 2963 6322 5091 1874 921 2899 1254 1673 1602 1658 1553 1400 765 2022 855 1770 822 1170 1812 943 803 931 2242 4168
"Arginine2_Hcarbonate,Glycine_cleavage" 534 197 41 1406 809 73 297 156 47 252 53 436 35 1417 497 124 139 2608 123 88 210 22 227 379 33 489 1090 71 28 402 34 205 273 113 767 196 93 386 94 82 340 299 399 317 63 130 72 211 351 78 583 407 481 84 40 44 326 94 118 37 30 40 168 72 683 22 77 517 78 101 63 194 57 225 422 719 52 104 211 188 57 479 700 852 128 267 60 528 25 70 212 90 477 62 275 705 576 228 444 140 190 121 35 5 1322 645 827 32 521 350 147 240 343 154 106 253 387 447 377 156 325 586 130 82 232 397 163 173 424 322 677 259 275 334 356 90 95 501 218 741 74 74
"Arginine2putrescine" 2591 565 5255 1276 2584 1274 293 1701 510 1528 1997 715 463 1078 1365 420 262 1946 946 759 527 926 596 517 511 1234 1378 215 324 2357 1408 726 623 1263 1042 1290 471 492 1861 1161 1701 1515 4091 2568 2189 625 1119 462 2946 1295 1399 985 1102 504 3585 4920 873 1040 985 1436 905 2284 195 3278 326 2418 4511 910 1164 4280 1120 5668 4357 781 652 337 1674 463 538 354 1209 809 889 828 659 703 1937 1037 3388 296 1335 1411 1638 1024 8695 3897 1244 783 928 357 845 809 4930 1888 1090 1430 1901 5493 705 1331 1980 453 842 186 6048 848 1655 1136 3422 6469 5255 1914 917 7209 1676 1881 1710 1676 1660 1672 542 2014 791 1743 768 1192 1854 784 767 940 6897 7810
"Arginine2putrescine,Arginine2_Hcarbonate" 244 90 126 92 302 120 32 164 62 345 170 95 55 102 144 70 68 119 94 97 186 86 102 57 63 168 173 72 53 446 101 210 191 148 186 248 121 107 292 157 219 279 451 352 191 150 128 84 259 140 2506 126 160 1345 124 207 245 86 107 114 97 233 42 237 46 114 250 157 71 334 90 532 249 66 93 64 115 159 177 54 363 181 185 281 91 98 192 115 199 60 193 128 168 122 3200 565 198 2548 127 72 150 104 266 140 117 163 827 153 76 479 107 42 198 11 1114 136 108 197 290 636 597 649 239 227 929 881 370 2836 304 303 52 3166 101 737 394 226 367 150 194 144 233 209
"Arginine2putrescine,TPP_fatty_acids" 244 90 126 92 302 120 32 164 62 345 170 95 55 102 144 70 68 119 94 97 186 86 102 57 63 168 173 72 53 446 101 210 191 148 186 248 121 107 292 157 219 279 451 352 191 150 128 84 259 140 2506 126 160 1345 124 207 245 86 107 114 97 233 42 237 46 114 250 157 71 334 90 532 249 66 93 64 115 159 177 54 363 181 185 281 91 98 192 115 199 60 193 128 168 122 3200 565 198 2548 127 72 150 104 266 140 117 163 827 153 76 479 107 42 198 11 1114 136 108 197 290 636 597 649 239 227 929 881 370 2836 304 303 52 3166 101 737 394 226 367 150 194 144 233 209
"EUT_pathway" 17 12 7 9 0 0 9 17 13 19 0 20 0 20 0 5 22 15 9 12 20 3 26 31 0 0 0 0 0 10 0 25 18 0 0 30 0 13 8 11 22 16 44 18 0 38 8 7 20 9 0 41 17 0 0 0 23 0 9 0 0 0 21 8 10 0 0 36 0 16 0 15 0 12 24 31 8 13 52 10 9 21 41 94 15 20 4 22 0 21 30 0 15 0 0 97 36 12 49 0 35 13 0 0 30 86 45 0 25 43 4 0 28 8 0 13 20 33 18 13 0 12 8 0 0 17 8 0 22 20 25 0 0 31 67 26 10 49 23 123 5 5
"Flavoenzyme_AA_peptides_catabolism,Flavoenzyme_lipids_catabolism" 102 38 11 786 429 34 100 58 17 50 11 77 8 843 240 51 61 1242 49 39 79 10 65 82 14 274 619 30 10 120 11 49 39 60 392 96 50 123 47 33 91 93 191 81 21 63 29 53 92 31 126 91 104 14 13 16 172 28 40 11 17 11 58 30 33 9 42 99 23 32 14 64 26 55 87 102 23 46 78 32 37 64 75 208 45 58 27 100 6 38 85 27 81 28 50 182 114 60 103 26 90 32 10 5 133 168 226 10 80 108 27 50 114 29 13 55 83 95 92 41 57 73 40 23 68 73 48 15 85 97 62 110 48 83 194 59 31 103 62 221 32 24
"Flavoenzyme_lipids_catabolism" 34 30 155 388 129 63 82 49 11 15 63 91 12 379 94 21 15 573 27 13 52 36 30 38 10 71 150 10 18 108 41 24 14 87 75 41 11 37 101 157 88 28 205 116 19 30 35 34 70 47 0 69 59 9 31 128 49 63 32 18 29 20 41 617 285 38 212 131 41 67 95 1358 215 140 120 106 15 6 113 44 299 299 211 33 24 42 34 114 19 13 63 31 81 46 48 196 89 8 32 44 63 37 27 6 205 95 64 46 116 60 20 94 105 236 219 70 90 167 192 21 251 96 54 1423 0 58 259 11 227 184 362 8 64 27 80 23 271 159 36 130 862 2855
"Flavoenzyme_lipids_catabolism,TPP_fatty_acids" 0 0 0 1575 225 0 0 5 0 0 0 0 0 1583 172 0 0 2146 0 0 0 0 0 3 0 164 642 0 0 3 0 0 0 0 329 7 0 0 0 0 0 0 12 0 0 0 3 0 0 0 0 0 0 0 0 0 7 0 0 0 0 0 0 8 0 0 0 0 0 0 0 10 0 0 5 0 0 0 12 0 0 0 0 3 0 0 3 0 0 0 0 0 0 0 0 0 0 0 3 0 5 0 0 0 0 0 0 0 0 0 6 0 0 0 0 0 4 0 0 0 0 0 0 0 0 0 3 0 0 0 0 0 0 0 0 0 3 0 0 5 0 0
"Formate_dehydrogenase" 3836 1126 2049 3963 5055 1333 1126 2152 685 2851 1838 1750 565 4002 2707 775 595 5404 1127 1109 995 862 1270 1495 665 2586 4994 583 616 2984 1005 1644 2316 1568 3305 2277 1120 2059 2618 1627 2163 4743 3938 2384 1521 1118 1162 2820 3146 1153 7830 1755 2473 2213 1378 1543 3536 817 891 892 966 1823 763 1550 1935 1112 1871 2208 865 1937 968 3119 1492 4267 2506 1829 1370 1143 1290 975 1773 2037 2249 2734 1073 1212 1502 5593 1557 484 2265 1094 2488 1174 15496 6589 2536 3865 3663 1594 1510 1201 1601 1086 4728 4164 5112 1306 1870 3470 2172 3739 1552 181 8818 1549 3650 3882 4763 7938 8169 6667 1630 2148 7162 4179 2161 6779 2434 1913 1699 6760 4037 3967 2736 2149 2148 1808 1593 3732 1917 1842
"Formate_dehydrogenase,Nitrate_reductase" 1384 473 1589 701 2344 624 90 1249 343 978 1331 579 345 716 1244 351 181 921 658 694 506 657 517 463 369 1140 1065 194 253 1881 674 649 595 689 1036 1290 471 492 1787 1070 1136 1464 2154 1465 1005 575 690 433 1791 627 1208 776 819 365 1039 956 637 431 472 583 628 1169 189 952 265 847 1127 642 502 1253 709 1831 1071 737 652 337 915 448 538 354 1153 792 837 820 576 506 890 909 1129 189 1067 741 851 753 8093 3353 891 672 766 298 658 563 1097 805 816 919 1583 1000 597 1250 1285 415 813 98 5558 590 1106 778 2775 6301 4840 1786 867 1476 1254 1615 1361 1647 1341 1216 409 2014 791 1743 742 1147 1541 784 767 806 1380 1313
"Fumarate2succinate" 12509 6057 15827 6064 11730 12124 14547 16555 18276 13394 16496 10672 8717 5171 6069 7765 9189 9039 8789 7733 6237 6708 9360 9153 9974 5623 10248 8729 6786 8290 7793 5066 9332 13665 6084 9100 4555 5122 10049 5803 12492 9178 28072 12159 11756 14242 11663 9770 16347 11352 17083 11633 8156 5114 10458 11998 12535 7366 7785 6747 7433 11318 4716 9060 5450 10440 13905 9446 8071 10912 6719 17177 13750 12271 4765 5600 7483 3656 4536 6332 9583 5052 4481 6308 8667 11317 10410 13557 8773 10371 12421 6676 8880 7666 22092 18553 10142 9829 17082 3539 18072 8882 12775 8134 14496 17003 14586 10943 10447 16329 10901 10297 9325 6183 14783 9851 13981 16265 17564 15189 16749 15318 9884 20387 15263 14770 13423 13636 16945 11531 11215 13434 6304 11637 8557 7415 6942 5200 6761 20897 13540 19930
"Fumarate2succinate,fatty_acids-unassigned" 102 38 11 786 429 34 100 58 17 50 11 77 8 843 240 51 61 1242 49 39 79 10 65 82 14 274 619 30 10 120 11 49 39 60 392 96 50 123 47 33 91 93 191 81 21 63 29 53 92 31 126 91 104 14 13 16 172 28 40 11 17 11 58 30 33 9 42 99 23 32 14 64 26 55 87 102 23 46 78 32 37 64 75 208 45 58 27 100 6 38 85 27 81 28 50 182 114 60 103 26 90 32 10 5 133 168 226 10 80 108 27 50 114 29 13 55 83 95 92 41 57 73 40 23 68 73 48 15 85 97 62 110 48 83 194 59 31 103 62 221 32 24
"GR_AA_metabolism" 244 90 126 92 302 120 32 164 62 345 170 95 55 102 144 70 68 119 94 97 186 86 102 57 63 168 173 72 53 446 101 210 191 148 186 248 121 107 292 157 219 279 451 352 191 150 128 84 259 140 2506 126 160 1345 124 207 245 86 107 114 97 233 42 237 46 114 250 157 71 334 90 532 249 66 93 64 115 159 177 54 363 181 185 281 91 98 192 115 199 60 193 128 168 122 3200 565 198 2548 127 72 150 104 266 140 117 163 827 153 76 479 107 42 198 11 1114 136 108 197 290 636 597 649 239 227 929 881 370 2836 304 303 52 3166 101 737 394 226 367 150 194 144 233 209
"Glycine_cleavage" 4420 4310 2932 4634 4733 1600 2686 2586 1272 6470 2899 2658 747 4656 2608 980 1674 6565 1342 1473 1621 1411 1770 2476 900 2489 4750 856 761 3934 1407 2762 4628 2088 3228 2361 1534 3134 3585 2594 3508 5513 4771 3142 1903 1467 1282 3752 3587 1608 8613 2735 3038 3494 1743 2181 4396 1252 1368 982 980 1834 1293 2231 4191 1477 2839 4154 1033 2363 1727 4760 2148 5953 3396 3476 1375 1150 2553 1509 2798 5042 3399 4022 1170 1845 1947 7627 1869 726 3165 2105 3010 1306 14429 8945 3958 5679 5004 12016 2507 1528 1777 1327 8703 6623 7630 1709 2960 6046 2302 4761 4907 999 11733 2347 8543 6854 5075 12702 11583 11292 4289 4211 8573 6851 4320 7702 4644 5689 4948 6755 5597 6002 4719 2732 3330 3255 1999 6145 3833 5417
"Molybdopterin_dependent_oxidoreductase" 244 90 126 92 302 120 32 164 62 345 170 95 55 102 144 70 68 119 94 97 186 86 102 57 63 168 173 72 53 446 101 210 191 148 186 248 121 107 292 157 219 279 451 352 191 150 128 84 259 140 2506 126 160 1345 124 207 245 86 107 114 97 233 42 237 46 114 250 157 71 334 90 532 249 66 93 64 115 159 177 54 363 181 185 281 91 98 192 115 199 60 193 128 168 122 3200 565 198 2548 127 72 150 104 266 140 117 163 827 153 76 479 107 42 198 11 1114 136 108 197 290 636 597 649 239 227 929 881 370 2836 304 303 52 3166 101 737 394 226 367 150 194 144 233 209
"Molybdopterin_dependent_oxidoreductase,Pyruvate2acetate-formate" 1384 473 1589 701 2344 624 90 1249 343 978 1331 579 345 716 1244 351 181 921 658 694 506 657 517 463 369 1140 1065 194 253 1881 674 649 595 689 1036 1290 471 492 1787 1070 1136 1464 2154 1465 1005 575 690 433 1791 627 1208 776 819 365 1039 956 637 431 472 583 628 1169 189 952 265 847 1127 642 502 1253 709 1831 1071 737 652 337 915 448 538 354 1153 792 837 820 576 506 890 909 1129 189 1067 741 851 753 8093 3353 891 672 766 298 658 563 1097 805 816 919 1583 1000 597 1250 1285 415 813 98 5558 590 1106 778 2775 6301 4840 1786 867 1476 1254 1615 1361 1647 1341 1216 409 2014 791 1743 742 1147 1541 784 767 806 1380 1313
"NADH_dehydrogenase_I" 8753 17261 11168 5243 7815 10832 20053 10575 10922 16798 18988 7511 7532 4655 4180 5001 15754 8061 5483 5893 6283 8037 5464 5784 8942 3962 7709 5470 5612 5403 6695 7859 13372 12191 5440 7824 4310 5271 8249 4784 14176 8159 22838 8475 12108 7749 8164 6798 7511 10315 20321 8121 6827 7232 9505 9019 11715 5781 7782 8293 7362 7303 6571 6682 4664 8786 10333 8136 6312 8699 6168 12772 11601 8319 4576 10764 6223 3257 4531 15508 8184 4819 3826 5620 4239 7452 11218 12787 6112 5972 9164 6272 7290 7191 13560 13043 6850 10947 8559 40315 12310 7824 10914 8889 10886 10570 17454 8061 8045 20489 10496 13374 13580 17040 17032 17985 12020 10136 10429 12633 23309 14492 17363 17409 16768 16799 12960 14154 13876 17411 8444 9404 5847 12594 9267 6494 5216 4958 6313 13401 10336 16033
"NADH_dehydrogenase_I,Respiratory_glycerol" 244 90 126 92 302 120 32 164 62 345 170 95 55 102 144 70 68 119 94 97 186 86 102 57 63 168 173 72 53 446 101 210 191 148 186 248 121 107 292 157 219 279 451 352 191 150 128 84 259 140 2506 126 160 1345 124 207 245 86 107 114 97 233 42 237 46 114 250 157 71 334 90 532 249 66 93 64 115 159 177 54 363 181 185 281 91 98 192 115 199 60 193 128 168 122 3200 565 198 2548 127 72 150 104 266 140 117 163 827 153 76 479 107 42 198 11 1114 136 108 197 290 636 597 649 239 227 929 881 370 2836 304 303 52 3166 101 737 394 226 367 150 194 144 233 209
"Nitrate_reductase" 3024 4029 3169 1767 3873 1513 1672 2665 1216 5768 3094 1956 783 1774 2040 923 1441 2691 1391 1484 1545 1535 1421 1820 893 1891 1897 718 610 4261 1521 2365 3536 1815 1895 2694 1309 2052 3832 2713 3411 3347 4956 3494 2171 1508 1442 1792 3375 1748 5434 2398 2101 3119 1909 2260 2171 1300 1305 1099 1038 1991 877 1912 2673 1632 2814 3058 1176 2891 1842 3926 2233 3193 1973 2225 1504 1076 2199 1130 2773 4148 2367 3136 1255 1616 1995 4028 2124 663 2655 2283 2170 1317 14290 7235 2973 5377 2781 11085 2262 1262 2078 1521 5476 4120 5851 1859 2002 4857 2280 2199 4656 673 11696 1808 6617 4300 4618 13259 10879 8347 4178 3130 4865 5758 4378 6333 4472 5607 3648 6807 3299 5294 3661 2575 3541 2773 2029 3981 3324 2952
"Nitrate_reductase,Formate_dehydrogenase" 499 219 546 335 890 422 58 561 174 666 534 270 204 357 458 223 123 587 314 322 348 267 298 203 204 452 424 170 134 965 335 406 351 413 453 763 297 274 755 497 577 813 1188 816 537 394 394 197 805 411 2725 343 393 1412 414 482 398 267 260 327 284 557 139 566 121 334 560 334 296 899 302 1072 590 250 253 144 403 300 325 150 724 357 397 598 309 293 476 343 504 168 549 366 420 350 4551 1147 431 2692 334 133 364 292 646 354 293 387 1217 383 229 769 539 146 435 11 2476 343 316 369 1137 1691 2315 1018 563 649 1118 1162 786 3128 658 640 172 3611 298 1075 607 522 878 350 494 418 592 595
"OD_aldehydes_related" 244 90 126 92 302 120 32 164 62 345 170 95 55 102 144 70 68 119 94 97 186 86 102 57 63 168 173 72 53 446 101 210 191 148 186 248 121 107 292 157 219 279 451 352 191 150 128 84 259 140 2506 126 160 1345 124 207 245 86 107 114 97 233 42 237 46 114 250 157 71 334 90 532 249 66 93 64 115 159 177 54 363 181 185 281 91 98 192 115 199 60 193 128 168 122 3200 565 198 2548 127 72 150 104 266 140 117 163 827 153 76 479 107 42 198 11 1114 136 108 197 290 636 597 649 239 227 929 881 370 2836 304 303 52 3166 101 737 394 226 367 150 194 144 233 209
"OD_aldehydes_related,OD_eut_pdu_related,OD_lactate_related" 0 0 0 0 0 0 0 0 0 0 0 0 0 0 0 0 0 0 0 0 0 0 0 0 0 0 0 0 0 0 0 0 0 0 0 0 0 0 0 0 0 0 0 0 0 0 0 0 0 0 0 0 0 0 0 0 0 0 0 0 0 0 0 0 0 0 0 0 0 0 0 0 0 0 0 0 0 0 0 0 0 0 0 0 0 0 0 0 0 0 0 0 0 0 0 0 0 0 0 0 0 0 0 0 0 0 0 0 0 0 0 0 0 0 0 0 0 0 0 0 0 0 0 0 0 0 0 0 0 0 0 0 0 0 0 0 0 0 0 0 0 0
"OD_aldehydes_related,PFOR_II_pathway" 1384 473 1589 701 2344 624 90 1249 343 978 1331 579 345 716 1244 351 181 921 658 694 506 657 517 463 369 1140 1065 194 253 1881 674 649 595 689 1036 1290 471 492 1787 1070 1136 1464 2154 1465 1005 575 690 433 1791 627 1208 776 819 365 1039 956 637 431 472 583 628 1169 189 952 265 847 1127 642 502 1253 709 1831 1071 737 652 337 915 448 538 354 1153 792 837 820 576 506 890 909 1129 189 1067 741 851 753 8093 3353 891 672 766 298 658 563 1097 805 816 919 1583 1000 597 1250 1285 415 813 98 5558 590 1106 778 2775 6301 4840 1786 867 1476 1254 1615 1361 1647 1341 1216 409 2014 791 1743 742 1147 1541 784 767 806 1380 1313
"OD_eut_pdu_related,OD_lactate_related,OD_aldehydes_related,PFOR_II_pathway" 255 129 420 243 588 302 26 397 112 321 364 175 149 255 314 153 55 468 220 225 162 181 196 146 141 284 251 98 81 519 234 196 160 265 267 515 176 167 463 340 358 534 737 464 346 244 266 113 546 271 219 217 233 67 290 275 153 181 153 213 187 324 97 329 75 220 310 177 225 565 212 540 341 184 160 80 288 141 148 96 361 176 212 317 218 195 284 228 305 108 356 238 252 228 1351 582 233 144 207 61 214 188 380 214 176 224 390 230 153 290 432 104 237 0 1362 207 208 172 847 1055 1718 369 324 422 189 281 416 292 354 337 120 445 197 338 213 296 511 200 300 274 359 386
"Putrescine2spermidine" 2562 2725 2058 2266 3242 927 3800 1829 1152 6398 1713 1641 509 2307 1747 664 5118 3222 1012 1099 1303 796 1255 1387 529 1673 1945 466 391 2985 915 2270 4954 1099 1742 1860 782 1640 2382 1549 2565 2560 3485 2322 1407 1092 1007 1218 2768 1031 12193 1958 1614 3558 1245 1378 2364 730 1100 752 824 1586 617 1892 1360 1047 1733 3359 720 1860 1033 3921 1618 2110 1730 3504 1116 792 1842 4894 1899 2109 1925 2644 1003 1359 1229 2854 1422 495 2248 1174 2442 1054 16450 8007 2405 7332 2233 1314 1496 1751 1421 1006 2949 3796 7484 1282 1658 8207 1679 2704 3714 4007 8196 4175 5709 3509 3851 10967 7495 6802 4039 3269 9688 8685 2210 10852 3026 2546 1919 11161 2203 9187 4758 1760 2340 2288 1466 3121 2605 4597
"Pyruvate2acetate-formate" 1678 439 122 845 1363 446 897 402 184 1216 194 853 105 848 753 220 266 1243 188 215 173 49 522 770 153 690 2248 229 228 217 113 626 1329 570 1235 292 398 1188 235 174 505 2719 630 198 153 227 145 2070 794 183 3371 592 1185 478 116 98 2235 139 214 110 133 210 457 120 1374 61 146 1190 123 100 61 254 66 2915 1484 1215 191 264 393 459 125 828 1056 1211 165 427 281 3858 96 156 825 78 1035 179 2199 2178 1171 479 2414 1004 455 443 109 49 3260 2701 2217 60 1000 1468 470 2691 384 72 1314 686 2079 2582 1172 650 2255 3369 399 192 4096 1398 199 1755 457 226 1073 827 2537 1178 1164 447 83 593 349 2358 100 93
"Pyruvate2acetate-formate,Molybdopterin_dependent_oxidoreductase" 244 90 126 92 302 120 32 164 62 345 170 95 55 102 144 70 68 119 94 97 186 86 102 57 63 168 173 72 53 446 101 210 191 148 186 248 121 107 292 157 219 279 451 352 191 150 128 84 259 140 2506 126 160 1345 124 207 245 86 107 114 97 233 42 237 46 114 250 157 71 334 90 532 249 66 93 64 115 159 177 54 363 181 185 281 91 98 192 115 199 60 193 128 168 122 3200 565 198 2548 127 72 150 104 266 140 117 163 827 153 76 479 107 42 198 11 1114 136 108 197 290 636 597 649 239 227 929 881 370 2836 304 303 52 3166 101 737 394 226 367 150 194 144 233 209
"Respiratory_glycerol" 108 63 81 218 295 81 13 118 20 198 38 80 0 187 127 42 20 285 62 32 32 15 39 47 15 117 72 16 16 226 36 66 91 76 113 182 31 55 122 122 161 74 280 232 85 49 83 42 120 76 26 114 126 42 25 22 33 68 39 32 28 53 0 97 40 29 31 59 79 133 61 235 51 64 53 35 43 67 42 38 53 80 42 140 54 64 60 83 56 10 53 63 24 0 745 99 90 89 47 26 49 26 54 40 72 66 238 28 44 114 32 33 50 0 109 38 48 60 85 177 111 84 36 118 105 127 104 74 171 39 46 531 62 183 76 35 63 95 112 115 103 106
"Respiratory_glycerol,NADH_dehydrogenase_I" 1384 473 1589 701 2344 624 90 1249 343 978 1331 579 345 716 1244 351 181 921 658 694 506 657 517 463 369 1140 1065 194 253 1881 674 649 595 689 1036 1290 471 492 1787 1070 1136 1464 2154 1465 1005 575 690 433 1791 627 1208 776 819 365 1039 956 637 431 472 583 628 1169 189 952 265 847 1127 642 502 1253 709 1831 1071 737 652 337 915 448 538 354 1153 792 837 820 576 506 890 909 1129 189 1067 741 851 753 8093 3353 891 672 766 298 658 563 1097 805 816 919 1583 1000 597 1250 1285 415 813 98 5558 590 1106 778 2775 6301 4840 1786 867 1476 1254 1615 1361 1647 1341 1216 409 2014 791 1743 742 1147 1541 784 767 806 1380 1313
"Rnf_complex" 3414 1065 1918 1856 4304 1271 1032 1933 609 2737 1733 1607 505 1853 2268 683 535 2568 1002 1038 897 807 1180 1337 600 2115 3558 511 550 2770 924 1551 2206 1483 2570 2012 1021 1842 2436 1523 2021 4536 3515 2247 1434 1001 1046 2629 2964 1026 7111 1608 2290 2230 1304 1283 3150 724 832 839 886 1665 688 1406 1725 1051 1554 2048 775 1820 921 2852 1437 3782 2282 1651 1264 938 1150 905 1694 1881 2120 2452 886 1095 1423 4965 1480 415 2138 1010 2078 1054 14237 6195 2350 3788 3354 1400 1312 1136 1526 1034 4265 3849 4865 1241 1717 3311 1894 3181 1445 181 8095 1450 3341 3617 4322 7764 7803 5888 1541 2013 6384 4021 2034 6312 2273 1784 1580 6538 3491 3841 2376 1855 2054 1622 1422 3423 1816 1721
"TPP_AA_metabolism" 4904 3526 3011 3297 4560 1874 5281 3043 1995 8499 2577 3188 1420 3284 2498 1154 5890 4880 1640 2053 2282 1126 2603 2799 1502 2354 4185 1315 1069 3610 1355 3246 6922 2325 2834 2148 1189 2828 2600 1723 4211 5313 5546 3202 2037 2176 1659 3822 4125 1799 16345 3927 3568 4245 1557 1838 5531 1165 1658 1069 1306 2282 1682 2161 2986 1292 2373 5004 1109 2165 1753 4415 1995 5707 3197 4739 1582 1056 2260 5353 2024 2952 3008 3904 1431 2518 1828 7591 1739 1342 4342 1644 4030 1693 18894 11234 4335 8547 6062 2526 3300 3085 1741 1400 6885 7339 10495 1542 3493 11187 3385 5857 5461 4485 10285 6154 8934 7332 6246 12636 10799 11295 5743 3671 14093 11244 3333 12993 5252 3596 4047 11988 4717 10389 5950 2228 2423 2881 1797 7810 2908 5005
"TPP_AA_metabolism,acetate2butyrate" 0 0 0 7 0 0 0 0 0 0 0 0 0 2 0 0 0 10 0 0 0 0 0 0 0 0 4 0 0 0 0 0 0 0 0 0 0 0 0 0 0 0 0 0 0 0 0 0 0 0 0 0 0 0 0 0 0 0 0 0 0 0 0 0 0 0 0 0 0 0 0 0 0 0 0 0 0 0 0 0 0 0 0 0 0 0 0 0 0 0 0 0 0 0 0 0 0 0 0 0 0 0 0 0 0 0 0 0 0 0 0 3 0 0 0 0 0 0 0 0 0 0 0 0 0 0 0 0 0 0 0 0 0 0 0 0 0 0 0 0 0 0
"TPP_fatty_acids" 2065 4129 2539 1775 2924 1005 2848 1958 1285 4622 2537 1269 585 1815 1580 692 3495 2667 1035 1160 1111 1245 1008 1178 674 1501 1731 553 474 2910 1160 2212 3742 1261 1546 1773 1044 1592 2975 2086 2568 2426 3553 2360 1568 1145 977 1300 2336 1258 5023 1589 1447 1950 1475 1743 1640 879 948 742 736 1378 695 1253 2080 1272 2213 2328 786 1887 1477 2634 1624 2077 1506 2619 1060 725 1740 3107 2031 3720 1624 1601 899 1066 1409 2694 1553 537 2026 1818 1924 945 10735 5634 1772 3687 1822 11024 1731 1315 1363 1143 4295 2386 5143 1470 1394 5999 1750 2379 2845 2504 9336 3158 3268 2360 3531 12609 9045 4470 4300 2366 4606 5677 3462 4480 3449 4889 2828 4868 2242 6158 3478 2032 2600 2189 1388 2413 2654 2257
"TPP_fatty_acids,TPP_AA_metabolism" 0 0 0 0 0 0 0 0 0 0 0 0 0 0 0 0 0 0 0 0 0 0 0 0 0 0 0 0 0 0 0 0 0 0 0 0 0 0 0 0 0 0 0 0 0 0 0 0 0 0 0 0 0 0 0 0 0 0 0 0 0 0 0 0 0 0 0 0 0 0 0 0 0 0 0 0 0 0 0 0 0 0 0 0 0 0 0 0 0 0 0 0 0 0 0 0 0 0 0 0 0 0 0 0 0 0 0 0 0 0 0 0 0 0 0 0 0 0 0 0 0 0 0 0 0 0 0 0 0 0 0 0 0 0 0 0 0 0 0 0 0 0
"Threonine2propionate" 1628 563 1715 793 2646 744 122 1413 405 1323 1501 674 400 818 1388 421 249 1040 752 791 692 743 619 520 432 1308 1238 266 306 2327 775 859 786 837 1222 1538 592 599 2079 1227 1355 1743 2605 1817 1196 725 818 517 2050 767 3714 902 979 1710 1163 1163 882 517 579 697 725 1402 231 1189 311 961 1377 799 573 1587 799 2363 1320 803 745 401 1030 607 715 408 1516 973 1022 1101 667 604 1082 1024 1328 249 1260 869 1019 875 11293 3918 1089 3220 893 370 808 667 1363 945 933 1082 2410 1153 673 1729 1392 457 1011 109 6672 726 1214 975 3065 6937 5437 2435 1106 1703 2183 2496 1731 4483 1645 1519 461 5180 892 2480 1136 1373 1908 934 961 950 1613 1522
"acetate2butyrate" 9600 6273 8132 2080 8415 10313 1794 13872 21573 7727 11348 7866 6377 1678 4608 6665 981 3292 6964 5893 4359 4541 5441 6570 8433 4711 8467 5301 4780 5164 5140 3055 4189 12106 6253 11304 4956 7707 10475 7945 9858 9715 20604 7012 8875 9848 7814 4201 8801 10161 2471 8828 5069 4481 6674 5393 6708 6736 5383 3983 5991 8125 3837 4714 4390 4858 7623 6014 6678 6834 5434 9485 6127 5147 7636 5029 7083 6481 5702 2975 8058 7683 8730 7481 7041 6867 6953 8599 6874 8488 7780 6578 4855 5986 1184 8945 6666 3273 8156 13471 14766 4748 8060 6747 10432 10676 6077 7552 6823 6821 9179 5554 9665 475 8800 4737 7615 8489 11453 6247 10740 8781 8995 8936 7156 11778 9342 5692 13560 9035 8002 1592 6203 5454 7932 18364 10397 8539 15212 10557 6909 7287
"caffeate_respiration" 0 0 0 28 3 0 0 0 0 0 0 0 0 25 3 0 0 34 0 0 0 0 0 0 0 0 8 0 0 0 0 0 0 0 0 0 0 0 0 0 0 0 0 0 0 0 0 0 0 0 0 0 0 0 0 0 0 0 0 0 0 0 0 0 0 0 0 0 0 0 0 0 0 0 0 0 0 0 0 0 0 0 0 0 0 0 0 0 0 0 0 0 0 0 0 0 0 0 0 0 0 0 0 0 0 0 0 0 0 0 0 0 0 0 0 0 0 0 0 0 0 0 0 0 0 0 0 0 0 0 0 0 0 0 0 0 0 0 0 0 0 0
"fatty_acids-unassigned" 15398 8752 16285 7180 18891 16312 4017 20705 25182 13155 18312 11919 9919 6353 10169 9361 2720 11592 10519 8856 7502 7447 8349 10004 12811 9944 16000 8223 7509 11229 8738 5402 7338 19236 12893 17775 7842 10960 16378 11653 16769 13809 35652 13700 15137 14532 12906 6949 14909 15726 8617 14416 9721 7096 12556 12211 11503 10603 8775 7876 9200 13381 5892 10769 7138 9124 14773 10234 10689 14285 8968 20956 12931 8994 10546 7633 11224 8841 8476 4617 12208 11165 12014 12624 10052 10511 13264 13918 12611 11256 12480 10622 8431 9884 16079 18356 11763 8523 13242 14920 21541 7558 15764 10806 16506 16915 12996 15052 10927 12718 14738 8579 16407 1682 19175 8122 15169 14569 19140 17708 21217 17603 13756 21037 11486 18322 16728 11625 21989 15278 12591 8467 9710 10068 11670 22778 14711 12387 19516 18492 17195 21082
"histidine2glutamate_hutHGIU_operon" 10627 5654 8210 7900 12740 9745 14411 13869 15543 11777 9320 9808 7297 7249 6679 6866 8979 11615 7307 6223 5339 3753 8032 8702 8256 6222 11624 7444 5554 6594 4467 4472 9048 11238 7366 6170 3276 4602 5629 3403 10732 6471 22870 9865 9073 11912 9239 9399 13566 9068 16801 10671 7470 4833 3902 4663 11260 5763 6073 4376 5650 8385 4133 4760 5139 3755 6036 8570 6335 6209 5205 9446 4267 11551 4330 5446 5464 2537 3560 6064 3843 4163 3659 5579 7702 10235 7250 12969 5127 8479 10107 5241 7505 6109 19213 16766 8916 9460 16258 3396 14965 7471 6145 5122 13592 15600 13498 4719 9738 15698 8175 9914 8388 6079 11308 8762 13097 15061 14188 13548 13118 14695 8289 7653 14580 13916 9149 13257 14987 7032 10580 12272 5947 11004 7153 4786 3584 4491 4467 19641 6479 9578
"hydroxybenzoate2phenol" 244 90 126 92 302 120 32 164 62 345 170 95 55 102 144 70 68 119 94 97 186 86 102 57 63 168 173 72 53 446 101 210 191 148 186 248 121 107 292 157 219 279 451 352 191 150 128 84 259 140 2506 126 160 1345 124 207 245 86 107 114 97 233 42 237 46 114 250 157 71 334 90 532 249 66 93 64 115 159 177 54 363 181 185 281 91 98 192 115 199 60 193 128 168 122 3200 565 198 2548 127 72 150 104 266 140 117 163 827 153 76 479 107 42 198 11 1114 136 108 197 290 636 597 649 239 227 929 881 370 2836 304 303 52 3166 101 737 394 226 367 150 194 144 233 209
"succinate2propionate" 464 2871 864 186 132 312 963 564 579 2416 1132 472 198 174 81 231 521 374 265 352 416 578 298 553 269 78 51 278 188 873 451 1034 1641 493 107 338 467 789 1092 947 1090 705 1029 767 472 393 207 723 324 532 955 553 447 1026 410 750 538 408 342 138 68 145 374 255 1707 399 1023 1031 234 537 718 700 511 1192 592 1066 103 187 955 302 821 2646 628 455 199 372 479 1468 398 237 663 1004 605 139 618 1155 650 1439 780 10353 873 266 256 311 3103 976 1804 432 596 1962 347 1009 1614 360 3323 548 1652 1277 488 4710 3372 2225 2289 832 1527 1597 2002 1003 1747 3416 2231 460 1261 1662 1429 734 983 1022 452 1213 1202 884
